$ANSIBLE_VAULT;1.1;AES256
39623932623838343261366337653239633431323137386130326135616234363736373539303765
3063353862653761383165303934663533623565333837640a326431646132333832363131666436
61366263376163626335646132336362613137613862383236343162346233656266396332313132
6437353035623062300a313730396330386162643464326130333263666533306263313635653235
30353438343463386537363966376138323136336631396264363066346466333030356362663332
66393131333766336636336131386365323433666139353366313437663235636332656235376132
62653063303431303766623564653436343432373236356436393462656339346163363539313566
37323838656430646334663930373731383565313264383534306234656338646434363264353763
62356261663961326464363034323733343161353733646432653265376530313664313539336131
35363031653661316333633965363839613666646463346263336239336363326338656631646239
39316231646464323630353533323162336563393735613536633063326666323066656664353337
33616533663337636465353834623136343739623634306165633366646133326664373231633464
35663532303230633236653661353238326266613338323234343961653862333935373439663061
34303063306639346262656230373462313031613235396434386134366262633335646361343064
64626162323239643833346435643266363934623234366136646236613765383631633639663664
35633533313235326262353761383937373633366165616339393733303666383161393432306538
63313833356561326530663338346138616639613937663062326138306432386564666161656139
64313738663137323238303632656364333539333031343030636264616563623835653232643766
61396536646335366236636637613663316666646332353234663563393132303738343130663039
62353264393731646162373566323434613764363061323063386166383936616663343932363661
35623636383938613639653065326564306236616632613434303432653532616366633565343365
64633264626233333034393539393666623739366166373163383463363338336562366234616235
39396338353465373139636237623236366130636362356364333736373465393466353336346530
33363461643864366334346339313633356162373065343939653839303631663464373034653965
34653737656336316636396366373233396631626235376535623162383565396664346538383630
30363838663863376134366333376339376430636465336264343365383831366465643436323131
32356666616631313063303365636533383764323531623330323662343061626163303764343137
37653838653162663431366232303262643864643562303232343731383938666236366133666534
63393835306666633764316466336531656137363861336239613733396535643466356135653237
64663839626332613366336635306362396562386239386366303666626438623166346431633066
39653732653034666461626338623839393363316637316331656138623039383164633630623438
32313833353965663061633963616230326561373066366663623038303865363966356336343037
62616331613966653730303030396235326266326564613134353335653635353831323535306361
34633934633563393435643765666336636338653835383731333433656334643564326237376263
30653436306662633135623166346165663463656334323463316130343062353531343062353737
63383063333138633362373430653037306430666336323063386432313830346438383634626466
31626134376131636663366334303562376439663231343338376236363138356436663432303134
64323163393130373439613339393963653030316665396330383363353966616333663563323635
38356361636466636332363561623961346462333931623938616430303563323464346637386233
33666538313636633864366232626663623536343465353666353233356266383963386263326366
61613432346233356663633433393638376561653561663262343831316532623833363932356234
37633634636531326665306364653463323735306534623535306330396532386637363934663164
36633831623130363236613230326339333034366536386535666135343566393362396335313332
31656533333737333665366235653065393463323735363635663835383662373866353932306264
33666164343636383333643861303738626238333635333361303237623535363065623832343063
62633463383635303232653464393237343634373032306435303437393336613337666235366632
35386464393735303639633563616437356664326231346666353335396132653238626334353563
63393333346462346465373364376335393461396334303032636637663933313735623738393139
39663436353430373261613137633237333634613537376465373265306538616362633163303839
30633830366639373664346138336233663865663431306565376562356239643965626533316461
66643935313731623430643838386537346337623033373662666232656232653565653539656564
33313838646562303634656537663761393936666662396231396533313933353439666364323366
33303233386563376265303534393737613539626431613639353666623934616633653133366263
30323265653631633963363434343636623738356237633865396635303134376436346232656263
63393230376235333065323633326264383236666566343866616436393230326535383035636335
37363534363462383037346133643439343738393565316664306334336364653439386539623339
63616264393736356238333263333161663565396232383035356261306361313733653633383331
64623838336465663132306636356230306430393463613030336562636636393534333363393137
33333531613033633732653139633161613865383765633539336538666135663466383939303032
36626665653337313739663730306135396434636430326661663430333031616534303339616437
64386666313839313364623138366635633038613363343630323037623163353736356531613032
63666266366539313830666264336361306433353662623563386261626633313536386436373765
64636130643830666339366439383662313034393139373039303930336137636363363031316132
62613461306439333763396430353734306463346530306366663733373531343330376166623133
36613536393833343061373036316463643134386466333031336239333935376336363336373832
33663461303134613439306132353532636630396236616338656162643333333163366236303065
61353266313064323565383437633533363961353037636636623138326565303366313232363565
35626338316239326166313738353232636433333765643239343864353761613531353731656264
31623537366136336137393134643161663337613330363562623861386537386634626162623663
38383061626438633061343966653632636231653137326635666331313464623263636561303837
37383038396433666530353465313830333838366530333264313765306330363163663165616535
39653466656330323430323565306363333437366561303362333339663534316231346663613664
39333462303366333337393930343632326564346232393564623238383363656462633964303439
61353364393734326239383662363139383531653838643239623131313732396436333739376630
64356439336232316336653838383731366238353238393239316131383632323433396666633130
38316663646430393336616536393531656163393231343139333130623533373038373234666335
35303465396236356436386631386135626263306139363232353061366165383135396661333061
37346430383030383839303734366632383362393863313135323434336164336131653630323037
65393632613831643434663661636533373433396264346432386636346463663762616435653638
64396130636132623738643432383236393334353836343731323732643933623336663665623965
39353139383937643038316531663361623030303039333538316566643838323933633233663734
39623963373861313135393930373262336162346661663062613638356534356363623131343262
31373030323262346530383132393066353232363238373835626361306465613733666164633535
36373964346563373264333136636139336665316264373437633331353266366236303961316430
32356631383564343733363863383861663631373065383464393935663732336364643337626634
31663837343266643462323464626130613131396331666137386464363463313762656136313731
38653433343934623865616338356239613030633064396535323766323037396462376537383834
61393132613666363331
